{
 "metadata": {
  "name": "",
  "signature": "sha256:bac3821404a9eefd5ae91a5f2a3fcaf46436ed4fa95e3bfb865c281bb78e3379"
 },
 "nbformat": 3,
 "nbformat_minor": 0,
 "worksheets": [
  {
   "cells": [
    {
     "cell_type": "markdown",
     "metadata": {},
     "source": [
      "The case of $A$ is a square matrix.\n",
      "\n",
      "$A = QR$, where $Q$ is an orthogonal matrix and $R$ is a upper triangular matrix."
     ]
    },
    {
     "cell_type": "code",
     "collapsed": false,
     "input": [
      "import numpy as np\n",
      "import numpy.random as rn\n",
      "import numpy.linalg as la"
     ],
     "language": "python",
     "metadata": {},
     "outputs": [],
     "prompt_number": 2
    },
    {
     "cell_type": "code",
     "collapsed": false,
     "input": [
      "#QR for square matrix\n",
      "def SQR(A,tol=10**(-14)):\n",
      "    m,n = A.shape\n",
      "    Q = np.mat(np.zeros((m,n)))\n",
      "    R = np.mat(np.zeros((n,n)))\n",
      "    for i in range(n):\n",
      "        Q[:,i] = A[:,i].copy()\n",
      "        for j in range(i):\n",
      "            R[j,i] = float(Q[:,j].T*Q[:,i])\n",
      "            Q[:,i] = Q[:,i] - R[j,i]*Q[:,j]\n",
      "        if abs(la.norm(Q[:,i]))>tol:\n",
      "            R[i,i] = la.norm(Q[:,i])\n",
      "            Q[:,i] = Q[:,i]/R[i,i]\n",
      "       \n",
      "    return Q, R"
     ],
     "language": "python",
     "metadata": {},
     "outputs": [],
     "prompt_number": 3
    },
    {
     "cell_type": "code",
     "collapsed": false,
     "input": [
      "A = np.mat(rn.randn(3,3))"
     ],
     "language": "python",
     "metadata": {},
     "outputs": [],
     "prompt_number": 4
    },
    {
     "cell_type": "code",
     "collapsed": false,
     "input": [
      "Q,R = SQR(A)"
     ],
     "language": "python",
     "metadata": {},
     "outputs": [],
     "prompt_number": 5
    },
    {
     "cell_type": "code",
     "collapsed": false,
     "input": [
      "print Q"
     ],
     "language": "python",
     "metadata": {},
     "outputs": [
      {
       "output_type": "stream",
       "stream": "stdout",
       "text": [
        "[[-0.38076006 -0.82539176 -0.41683357]\n",
        " [ 0.86861649 -0.16470243 -0.46730986]\n",
        " [ 0.31706021 -0.54000144  0.77966099]]\n"
       ]
      }
     ],
     "prompt_number": 5
    },
    {
     "cell_type": "code",
     "collapsed": false,
     "input": [
      "la.norm(Q[:,2])"
     ],
     "language": "python",
     "metadata": {},
     "outputs": [
      {
       "metadata": {},
       "output_type": "pyout",
       "prompt_number": 6,
       "text": [
        "0.99999999999999989"
       ]
      }
     ],
     "prompt_number": 6
    },
    {
     "cell_type": "code",
     "collapsed": false,
     "input": [
      "print R"
     ],
     "language": "python",
     "metadata": {},
     "outputs": [
      {
       "output_type": "stream",
       "stream": "stdout",
       "text": [
        "[[ 1.05842899 -2.04877596  0.83667829]\n",
        " [ 0.          0.987194    1.02841664]\n",
        " [ 0.          0.          1.98746463]]\n"
       ]
      }
     ],
     "prompt_number": 7
    },
    {
     "cell_type": "code",
     "collapsed": false,
     "input": [
      "print Q*R"
     ],
     "language": "python",
     "metadata": {},
     "outputs": [
      {
       "output_type": "stream",
       "stream": "stdout",
       "text": [
        "[[-0.40300748 -0.03472973 -1.99586227]\n",
        " [ 0.91936888 -1.94219383 -0.37139199]\n",
        " [ 0.33558572 -1.18267152  1.25947958]]\n"
       ]
      }
     ],
     "prompt_number": 8
    },
    {
     "cell_type": "code",
     "collapsed": false,
     "input": [
      "print A"
     ],
     "language": "python",
     "metadata": {},
     "outputs": [
      {
       "output_type": "stream",
       "stream": "stdout",
       "text": [
        "[[-0.40300748 -0.03472973 -1.99586227]\n",
        " [ 0.91936888 -1.94219383 -0.37139199]\n",
        " [ 0.33558572 -1.18267152  1.25947958]]\n"
       ]
      }
     ],
     "prompt_number": 9
    },
    {
     "cell_type": "code",
     "collapsed": false,
     "input": [
      "la.norm(Q*R-A)"
     ],
     "language": "python",
     "metadata": {},
     "outputs": [
      {
       "metadata": {},
       "output_type": "pyout",
       "prompt_number": 10,
       "text": [
        "5.7219584981527968e-17"
       ]
      }
     ],
     "prompt_number": 10
    },
    {
     "cell_type": "markdown",
     "metadata": {},
     "source": [
      "QR for general matrix"
     ]
    },
    {
     "cell_type": "code",
     "collapsed": false,
     "input": [
      "def QR(A,tol=10**(-14)):\n",
      "    m,n = A.shape\n",
      "    if m>=n:\n",
      "        Q = np.mat(np.zeros((m,n)))\n",
      "        R = np.mat(np.zeros((n,n)))\n",
      "    else:\n",
      "        Q = np.mat(np.zeros((m,m)))\n",
      "        R = np.mat(np.zeros((m,n)))\n",
      "    flag = 0\n",
      "    i = 0\n",
      "    while i<m:\n",
      "        Q[:,i] = A[:,i].copy()\n",
      "        for j in range(i):\n",
      "            R[j,i] = float(Q[:,j].T*Q[:,i])\n",
      "            Q[:,i] = Q[:,i] - R[j,i]*Q[:,j]\n",
      "        if abs(la.norm(Q[:,i]))>tol:\n",
      "            R[i,i] = la.norm(Q[:,i])\n",
      "            Q[:,i] = Q[:,i]/R[i,i]\n",
      "            if flag==1:\n",
      "                Q[:,[i-1,i]] = Q[:,[i,i-1]]\n",
      "                R[[i-1,i],:] = R[[i-1,i],:]\n",
      "                i-=1\n",
      "        else:\n",
      "            flag = 1\n",
      "        i+=1\n",
      "    R[:,m:] = Q.T*A[:,m:]\n",
      "       \n",
      "    return Q, R"
     ],
     "language": "python",
     "metadata": {},
     "outputs": [],
     "prompt_number": 6
    },
    {
     "cell_type": "code",
     "collapsed": false,
     "input": [
      "A = np.mat(rn.randn(30,100))\n",
      "Q,R = QR(A)"
     ],
     "language": "python",
     "metadata": {},
     "outputs": [],
     "prompt_number": 12
    },
    {
     "cell_type": "code",
     "collapsed": false,
     "input": [
      "print Q"
     ],
     "language": "python",
     "metadata": {},
     "outputs": [
      {
       "output_type": "stream",
       "stream": "stdout",
       "text": [
        "[[  1.01421511e-01   6.45338551e-02  -1.89477539e-01   6.10361432e-02\n",
        "   -4.28011518e-01   9.75618830e-02   1.64227775e-01   2.11580473e-02\n",
        "   -1.34805730e-01   2.14769256e-01   1.22837242e-01   3.27969024e-02\n",
        "   -6.88029718e-02   5.04644377e-02   2.53709405e-02  -1.70888812e-01\n",
        "   -7.30609286e-02  -1.10289233e-01   3.02647308e-01   1.48487107e-01\n",
        "    5.67058902e-02  -1.29408220e-01  -1.03673521e-01  -6.32080453e-02\n",
        "   -7.38158471e-02  -1.91211107e-01  -5.34343710e-01   1.18533452e-01\n",
        "    2.20696402e-01  -2.28165303e-01]\n",
        " [ -2.28885215e-01  -2.05331307e-01   1.17688914e-02   3.02835537e-01\n",
        "   -3.28438257e-02   1.95929829e-01   1.71039371e-01  -1.76367137e-01\n",
        "   -1.28446156e-01  -1.75077921e-01   2.38936886e-02   6.41278076e-02\n",
        "   -1.11569389e-01  -2.82229587e-01  -4.61840196e-02  -1.65080089e-01\n",
        "   -2.24101009e-02  -2.18917177e-02   2.63927608e-01  -9.01831194e-03\n",
        "   -1.10492151e-01  -7.14838004e-02  -7.96176618e-02  -1.40397880e-02\n",
        "    1.84806292e-01  -1.11461562e-01   1.58468691e-01   1.16745302e-01\n",
        "   -5.59936289e-01  -2.16871981e-01]\n",
        " [  1.33933394e-01  -2.29060383e-01   2.11942315e-01   1.53726684e-01\n",
        "    2.10829681e-01   1.99228520e-01   1.04454782e-01   1.48588227e-01\n",
        "    1.86413423e-01  -1.10712925e-02   5.19107616e-02   1.29751343e-01\n",
        "    2.82394308e-01   1.50690304e-02   2.10804850e-01  -1.28539948e-01\n",
        "    1.18295751e-01   3.85013671e-01   4.88094404e-02  -4.94998685e-02\n",
        "    1.02869932e-01   3.87310604e-02  -1.06862934e-01   2.93245595e-01\n",
        "   -2.79528342e-01  -1.48343230e-01  -9.35397267e-02  -2.80363281e-01\n",
        "    4.39820200e-02  -2.87380165e-01]\n",
        " [ -6.29939465e-03  -1.21010183e-01  -5.96320925e-02  -1.18070932e-01\n",
        "    6.53491101e-02   2.60629556e-01   1.93978714e-03   3.95475699e-02\n",
        "   -2.73675814e-02   8.08208809e-03  -2.08062407e-01   1.31765815e-01\n",
        "    3.46430049e-02   1.13167986e-01  -6.16918599e-02   2.46739565e-01\n",
        "   -1.93156241e-01  -3.48963099e-01  -9.53627167e-02   8.98492990e-02\n",
        "    2.41458953e-01  -3.16616214e-01  -4.50734111e-01   2.50455260e-01\n",
        "    6.58918073e-02  -2.17805731e-02  -1.05463602e-01  -2.49211742e-01\n",
        "   -1.75903875e-01   2.10280613e-01]\n",
        " [  7.65619675e-02  -7.73398060e-02   4.12498102e-01  -1.37228320e-01\n",
        "   -2.39861147e-01  -2.30702368e-01  -2.66172858e-01  -1.29807879e-01\n",
        "   -7.48919488e-02   8.63839834e-02   1.11268443e-01  -1.37143358e-01\n",
        "   -5.87656387e-02  -7.53083349e-02   1.45806862e-01   7.82074978e-02\n",
        "    3.92519117e-01   1.99316124e-01   1.02696697e-01  -2.67273005e-02\n",
        "   -1.42995618e-02  -2.94119955e-01  -2.00163755e-01  -1.98757225e-01\n",
        "    7.68112689e-02  -6.37150290e-02  -1.49242982e-01  -1.97631503e-01\n",
        "   -2.02027804e-01   1.91070983e-01]\n",
        " [  6.78236973e-02  -5.60137799e-02  -2.00191229e-02  -1.72447482e-01\n",
        "    3.51448554e-02  -3.33602926e-02  -2.89076527e-01   8.16176949e-02\n",
        "   -2.24449277e-01  -3.21138927e-01   1.46907862e-01   4.65851467e-01\n",
        "    2.85398808e-01  -1.89293941e-01  -1.47010824e-01  -6.67005696e-02\n",
        "    1.69589776e-01  -2.38283151e-02  -1.56719018e-01   1.51717969e-02\n",
        "    3.95991543e-02   1.06652444e-01  -2.03536511e-01  -2.95871723e-02\n",
        "   -1.03572303e-01  -1.78347083e-02  -1.55402046e-01   4.34619423e-01\n",
        "   -1.12625181e-02   2.26909541e-02]\n",
        " [ -8.88669521e-02   3.01537038e-02  -1.64401487e-01   5.59672673e-02\n",
        "    4.16665329e-02  -6.92986620e-02   7.58025665e-03  -2.37071279e-01\n",
        "   -2.28458197e-01   3.24331565e-01  -1.11975844e-01   1.73480711e-01\n",
        "    9.33480971e-02  -2.45619490e-01  -2.78219870e-01   3.95944520e-01\n",
        "   -1.44719435e-01   2.49982090e-01  -1.70377808e-02  -2.35520588e-01\n",
        "    7.22467075e-02  -3.49082232e-02  -8.02173662e-02  -2.91894676e-01\n",
        "   -2.77512069e-01  -1.04693797e-01   9.63994502e-02  -1.63264505e-01\n",
        "    6.90714129e-02  -1.70387548e-01]\n",
        " [  3.51780961e-01  -1.67807038e-01  -2.06159577e-01   1.21913576e-01\n",
        "    5.51175604e-02   1.23218500e-01  -2.02928306e-01  -3.28474998e-01\n",
        "   -5.95970609e-02   1.10555209e-02   1.24119484e-01  -1.11474922e-01\n",
        "   -4.69958518e-02   1.25613534e-01   2.21542855e-01   8.19363251e-02\n",
        "    1.66988950e-01  -2.14488178e-01  -1.49090917e-01  -3.30830346e-01\n",
        "    5.96961016e-02  -3.42953658e-01   1.81142630e-01   1.41471115e-01\n",
        "   -5.64256703e-02  -1.48311260e-01   1.73269271e-01   2.28805275e-01\n",
        "    7.57381730e-02  -1.58984171e-01]\n",
        " [ -4.21914853e-02   4.74888856e-01   3.09154195e-04   5.18848639e-02\n",
        "    1.41923007e-01   1.75510257e-01   3.13563529e-02   1.57002664e-01\n",
        "   -1.84958898e-01   3.75764125e-01  -1.35969230e-01   1.28951105e-01\n",
        "    8.01737892e-02  -6.68966147e-02   3.51223080e-01   1.44417409e-02\n",
        "    3.70293364e-01  -1.59896179e-01   1.88309386e-01  -7.14443728e-03\n",
        "   -1.25447260e-02   1.46516689e-01  -1.60477127e-01   4.42764683e-02\n",
        "    4.72942686e-02  -1.19000826e-01   2.53518396e-01   1.10941848e-01\n",
        "   -1.14261556e-02   8.82844427e-02]\n",
        " [ -5.45615295e-02   1.56119587e-01  -3.47345821e-02   9.92041690e-02\n",
        "   -1.48990259e-01  -1.37647539e-01  -4.06096838e-02  -1.07123904e-01\n",
        "    3.97722217e-01  -2.67235107e-02   3.98907567e-01   6.20678638e-02\n",
        "    2.34216854e-01   1.52992673e-01  -1.64223516e-01   1.59519261e-01\n",
        "   -6.32610684e-02  -8.49960923e-02   2.85511266e-01   5.64149133e-02\n",
        "    2.47315814e-01   8.91483345e-02   6.94322616e-02   7.44361645e-02\n",
        "   -1.42888792e-01  -3.60890328e-01   1.87508412e-01   4.18300635e-02\n",
        "   -1.61384029e-01   2.56442136e-01]\n",
        " [ -1.07296307e-01   1.64250631e-01   7.77075105e-02  -2.55214337e-01\n",
        "    2.61013791e-01   7.76869647e-03  -5.94455485e-02   2.54152512e-01\n",
        "    1.15457531e-01   3.56166883e-01   1.85562335e-01  -2.05740105e-01\n",
        "   -9.63816047e-02  -2.98558699e-02  -3.70027767e-01  -2.02512427e-01\n",
        "    1.22234727e-02   2.31853847e-02  -3.32257488e-02  -8.11494132e-02\n",
        "    2.85403461e-02  -3.33718693e-01   1.49857635e-02   1.50562227e-01\n",
        "   -2.00761362e-01   9.86520044e-02  -3.81983527e-02   2.36587029e-01\n",
        "   -2.53438130e-01  -1.83867132e-01]\n",
        " [  3.31749814e-01   3.23351846e-01  -1.94026810e-01  -1.34588012e-01\n",
        "    1.28482810e-02  -1.92514123e-01  -1.65294629e-01  -1.72781676e-01\n",
        "   -2.10822214e-02  -3.85293887e-02  -1.61522145e-01   1.27390516e-01\n",
        "    6.10983365e-02  -2.49074729e-01   1.66803679e-01  -1.30944342e-01\n",
        "   -2.00913955e-01  -2.20835411e-02   3.42703631e-02   1.52710795e-01\n",
        "   -1.79678614e-01  -2.40161775e-02   2.67499661e-01   2.20871319e-01\n",
        "   -1.80238877e-01   1.40018411e-02  -1.53819171e-01  -2.59134969e-01\n",
        "   -3.71655578e-01  -7.94406075e-03]\n",
        " [ -5.36454536e-02   1.37041876e-01  -1.96582275e-02   1.61970537e-01\n",
        "   -1.12563987e-01   1.33253293e-01  -1.16604438e-01  -3.23434186e-01\n",
        "   -4.42228652e-02  -5.20129315e-02  -2.22209442e-01  -4.45889628e-01\n",
        "    3.06219914e-01   1.72263493e-01  -1.15553175e-01  -3.63993808e-01\n",
        "    2.04593646e-02  -2.84362640e-02  -1.52869838e-01  -1.29791471e-02\n",
        "   -4.65075567e-03   1.69331376e-01  -3.18098178e-01  -9.90909106e-02\n",
        "   -3.15392654e-01   6.94697582e-02   2.15879274e-03   2.40785792e-02\n",
        "   -7.39410934e-02   7.82757865e-02]\n",
        " [ -2.94031036e-02  -1.90469150e-01  -1.63985420e-01   1.00595096e-01\n",
        "    2.79907962e-01  -2.63941175e-01  -1.95921510e-02  -2.76307101e-02\n",
        "   -1.29515976e-01   2.03609737e-01   2.28068838e-01   2.00031779e-01\n",
        "   -5.32982890e-03   3.76927666e-01   3.42686509e-02  -1.94072257e-01\n",
        "   -8.31864941e-02  -9.79663892e-02   1.76057602e-01  -3.75211017e-01\n",
        "   -3.06334377e-01   1.54134635e-01  -1.56567429e-01  -2.58214115e-02\n",
        "    3.62581688e-02   1.19309498e-01  -1.74952167e-01  -1.39956906e-01\n",
        "   -1.13055183e-01   1.89426924e-01]\n",
        " [ -3.41885691e-03  -4.93106595e-03   1.58873320e-01   4.47087638e-01\n",
        "   -1.89021075e-01   1.75339434e-02  -1.32779847e-01  -7.83940581e-02\n",
        "    7.63760121e-02   2.15858800e-01  -2.55553161e-01   3.58724840e-01\n",
        "   -2.43951519e-01  -8.71300265e-03  -2.91821252e-01  -2.01701777e-01\n",
        "    1.06214131e-01   1.24509717e-01  -1.19858892e-01  -1.76082981e-03\n",
        "   -5.94298750e-03  -1.02422672e-01   1.45729155e-01   2.94599380e-01\n",
        "   -2.78334027e-02   4.45566057e-02  -1.44601264e-02   6.79348247e-02\n",
        "    1.20689191e-01   3.18304342e-01]\n",
        " [ -3.21316433e-02   1.73493216e-01  -1.60079274e-01   4.19914842e-01\n",
        "   -2.24634064e-02  -4.35404495e-01  -2.32065181e-01   4.41169839e-01\n",
        "   -5.99411879e-02  -2.81178916e-01  -7.64667780e-02  -1.68488203e-01\n",
        "   -9.28554036e-02  -2.86405839e-02  -2.11634190e-02   6.56905871e-02\n",
        "   -2.70248699e-02  -3.13909383e-02   9.43189968e-03  -5.78838888e-02\n",
        "   -4.50753741e-02  -1.71171674e-01  -2.64844231e-01   1.00850158e-01\n",
        "   -2.41113660e-02  -1.34111722e-01   9.25017068e-02  -8.55421549e-02\n",
        "    8.39036276e-02  -1.97409184e-01]\n",
        " [  2.37163239e-01  -4.62359965e-01  -7.31009334e-02  -1.25366413e-01\n",
        "   -8.96768695e-02  -1.25990922e-01  -1.94642723e-01   2.55249103e-01\n",
        "    2.47638610e-02   2.34950507e-01  -4.08653815e-01  -3.85809303e-02\n",
        "    2.56758247e-01   4.18289196e-02  -7.39887830e-02  -1.40038311e-01\n",
        "   -6.81269415e-02  -4.71872211e-02   3.39008220e-01   1.30446771e-01\n",
        "    3.67682851e-02  -5.53408919e-03   9.54012811e-02  -1.41347595e-01\n",
        "    3.30132552e-02  -4.09142897e-02   2.78576049e-01   1.19239772e-01\n",
        "   -3.22327476e-02  -1.55480412e-03]\n",
        " [  1.51243686e-01  -6.78770707e-02  -2.35454706e-02   1.91783891e-01\n",
        "    3.74627478e-01   2.45868217e-01  -3.94447612e-01  -3.28423551e-02\n",
        "   -9.30363596e-02  -4.65797749e-02   9.03263557e-02  -1.88284799e-01\n",
        "   -3.31684920e-01  -7.63709663e-02  -1.14338340e-01   1.80394472e-01\n",
        "    4.90539940e-02  -2.93714651e-03   3.43995871e-01   2.53998470e-01\n",
        "    1.78691701e-01   2.60447387e-01   3.02157192e-02  -6.01274437e-02\n",
        "   -1.24020441e-01   1.34597069e-01  -1.78435331e-01  -2.75662114e-02\n",
        "    3.24727460e-02   7.15101029e-02]\n",
        " [ -2.75402137e-01  -1.84950817e-01   1.60290205e-01   8.74217659e-02\n",
        "    9.10060213e-02  -1.77098324e-01  -9.84859166e-02  -2.11136705e-03\n",
        "    8.80440976e-02   2.00064432e-01  -1.19279741e-01  -9.63927287e-02\n",
        "   -9.92434783e-02  -1.25693373e-01   4.61389439e-01   1.12538624e-01\n",
        "   -3.54965606e-01   8.57921130e-04  -1.97293547e-01   3.14817202e-02\n",
        "    5.60443741e-02   1.12190008e-01  -1.71849092e-02   2.00139310e-02\n",
        "   -1.84284459e-01  -2.24566959e-01  -2.20261862e-01   3.82307492e-01\n",
        "   -9.92176609e-02   1.16281360e-01]\n",
        " [ -4.47744918e-01  -7.42648373e-02  -1.80139307e-01  -4.89630206e-02\n",
        "    3.18994379e-01  -2.48195308e-01  -6.38318407e-02  -2.54956962e-01\n",
        "    7.57788519e-02  -1.50870757e-02  -1.35360775e-01   1.07988558e-01\n",
        "    4.65751644e-02   4.86930138e-02   1.13146967e-02  -2.27806112e-01\n",
        "    3.23521978e-01  -1.60751221e-01  -2.00746362e-02   2.96890214e-01\n",
        "    2.02137384e-01  -1.66624581e-01   1.53910344e-01  -9.20976924e-02\n",
        "    5.42260665e-02  -1.63901522e-01  -1.03841343e-01  -1.73051860e-01\n",
        "    1.45735824e-01  -1.50289141e-01]\n",
        " [ -1.19912895e-01  -1.88476943e-01  -3.53829289e-01   6.28700801e-02\n",
        "   -5.36823540e-02   1.39661220e-01  -7.29678100e-02   1.23181542e-02\n",
        "    1.81814373e-01   1.57814734e-01   2.72215153e-01  -6.14103559e-02\n",
        "    1.17401070e-01  -2.21585137e-01   8.06406116e-02   9.88179058e-02\n",
        "    8.67794287e-02   8.92558128e-02  -9.87869020e-02   3.76919030e-01\n",
        "   -5.20457256e-01  -1.67071088e-01  -1.54775669e-01   5.47939460e-02\n",
        "   -9.92092781e-02   1.18585774e-01   1.25006150e-01  -1.69480741e-02\n",
        "    1.32848081e-01   1.66022194e-01]\n",
        " [  5.53565645e-02   9.85640397e-02  -1.77247362e-01   4.49497637e-02\n",
        "    6.09770673e-03   1.48997274e-01  -1.60904112e-01   9.50296083e-02\n",
        "    2.35325888e-01   3.61413007e-03   1.57605253e-01   1.70249009e-01\n",
        "   -1.30239709e-01  -1.86362269e-01   2.43984483e-01  -4.01500429e-01\n",
        "   -2.39899114e-01   1.13373634e-01  -7.25196106e-02  -1.28056681e-01\n",
        "    3.54799642e-01  -1.64170037e-01  -1.20190724e-01  -4.18941820e-01\n",
        "    7.03689464e-02   1.45324141e-01   1.55678865e-01  -1.12183513e-01\n",
        "    4.21449291e-02   1.24347130e-01]\n",
        " [ -1.58551268e-01  -8.33152149e-02  -1.94747450e-02   1.03246263e-01\n",
        "   -3.22012362e-01   1.32018824e-01  -2.28579248e-01   2.19586350e-01\n",
        "    2.26384139e-01   1.15498652e-01   2.19547164e-03   1.34356586e-01\n",
        "   -1.50382010e-02   7.67835661e-02   4.42935275e-02   1.64611873e-01\n",
        "    2.23043347e-01  -3.39772123e-01  -2.10032503e-01  -1.05893259e-01\n",
        "   -5.30472172e-03   2.30626753e-01   1.71711292e-01  -1.72440259e-01\n",
        "   -1.65824127e-01   2.15078771e-01  -1.06684893e-01  -1.87720441e-01\n",
        "   -2.77563617e-01  -2.95110050e-01]\n",
        " [  1.88282030e-01   1.16373084e-01   1.99203968e-02   2.66070237e-02\n",
        "    8.45346476e-02   6.94007285e-02  -2.80053823e-01  -1.14605122e-01\n",
        "    2.06170298e-01   2.21035077e-01   1.19609030e-02   2.42260792e-02\n",
        "    1.69639395e-02   1.31822764e-01  -1.49457071e-01   6.13199085e-03\n",
        "   -1.16241226e-01   1.39745720e-01  -2.57285200e-01   1.41668258e-01\n",
        "   -1.43115842e-01   2.00835675e-01  -1.77433110e-01  -4.89039930e-02\n",
        "    5.54947195e-01  -3.18529969e-01  -6.25395545e-02   1.02318507e-02\n",
        "   -5.99625259e-02  -2.88454298e-01]\n",
        " [ -3.98375888e-02   8.41625692e-02   4.54771562e-01  -4.18445702e-03\n",
        "    6.44500851e-02   1.56904221e-01  -1.58168235e-01   8.71836196e-03\n",
        "   -1.75988946e-01  -8.52802422e-02   9.23321790e-02   1.96921862e-01\n",
        "   -6.31328478e-02   2.34850075e-01   9.83417751e-03  -8.61630735e-02\n",
        "   -2.81795672e-01  -2.21713696e-01   1.58903000e-02   2.06610497e-01\n",
        "   -3.20602775e-01  -1.91679751e-01   8.17333242e-02  -2.36319663e-01\n",
        "   -2.65953071e-01  -1.89941468e-01   2.31810408e-01  -1.10248459e-01\n",
        "    1.44851839e-01  -1.05722407e-01]\n",
        " [  7.11180836e-02  -1.01873720e-01   2.17851124e-01   4.35210675e-02\n",
        "   -1.07695572e-01  -3.05701885e-01   1.02941650e-02  -1.99045704e-01\n",
        "   -1.67172387e-01   2.38402951e-01   2.94437086e-01   7.60199475e-03\n",
        "    1.67902139e-02  -1.87554537e-01   3.38886632e-02  -9.74068931e-02\n",
        "   -1.20777408e-01  -2.39096017e-01  -6.08880433e-02   2.00496002e-01\n",
        "    2.45367641e-01   1.80964946e-01  -1.83865498e-01   2.76179499e-01\n",
        "    4.93352928e-02   3.29000460e-01   2.56661754e-01  -7.78986232e-02\n",
        "    1.24690685e-01  -2.36522932e-01]\n",
        " [ -3.69861420e-01  -4.01475390e-02  -1.73752214e-02  -2.14839898e-01\n",
        "   -1.72338395e-01   2.23803668e-01  -3.96089259e-01   5.39808599e-02\n",
        "   -1.87540561e-01  -2.31173529e-03   7.95881518e-02  -1.51015474e-01\n",
        "    1.02845531e-01  -2.19291228e-01  -2.06164184e-02  -1.36610534e-01\n",
        "   -1.40994914e-01  -1.24365658e-02   1.19255063e-01  -3.18156181e-01\n",
        "   -2.48155818e-02   1.09758865e-01   1.61143105e-01   3.14341025e-01\n",
        "    1.64204353e-01  -1.93591190e-01  -7.39208181e-03  -2.19064714e-01\n",
        "    2.10757773e-01   6.04177310e-02]\n",
        " [ -1.96112637e-01   9.02935035e-02  -7.86665011e-02  -2.77033966e-01\n",
        "   -1.49853578e-01  -1.03193601e-02  -2.09551250e-01  -2.33130498e-01\n",
        "    2.26428070e-01  -1.19097854e-01  -1.81982356e-01   1.90661704e-01\n",
        "   -2.50446511e-01   2.75828788e-01   1.48630099e-01   9.55771173e-02\n",
        "   -4.02224433e-02   2.49313720e-01   3.05072631e-01  -3.75597457e-02\n",
        "   -5.64788646e-02  -1.91927428e-03  -2.49595163e-01   1.86249866e-01\n",
        "   -9.47102402e-02   2.44133817e-01   1.45169177e-01   1.75951528e-01\n",
        "    5.34075228e-02  -2.50559322e-01]\n",
        " [ -7.38659570e-03   1.37878565e-01   2.60078946e-01   1.96463385e-01\n",
        "    1.53360122e-01   3.86928284e-03  -5.09919824e-02  -1.30344222e-01\n",
        "    3.36101203e-01  -3.15034749e-02  -1.12499207e-01  -4.58643423e-04\n",
        "    3.86413290e-01  -2.40659769e-01  -9.94226834e-03   1.28098399e-01\n",
        "   -1.01858804e-01  -2.36284545e-01   2.68021555e-01  -1.94931700e-01\n",
        "   -1.42841746e-01  -2.04673721e-01   1.29344072e-02  -7.58041077e-02\n",
        "    1.88045667e-01   3.01610929e-01  -2.30804612e-01   1.11647785e-01\n",
        "    2.00728869e-01  -6.79129347e-02]\n",
        " [  1.75192489e-01  -1.08160847e-01   5.02706815e-02  -2.20871191e-01\n",
        "    4.43468752e-02  -6.67125897e-02   1.43500777e-01  -6.89254190e-02\n",
        "    3.47126887e-01  -5.50157684e-02  -1.07898947e-01  -6.70603242e-03\n",
        "   -3.51711544e-01  -3.44126752e-01  -1.36629201e-01  -1.31110961e-01\n",
        "    1.35220250e-01  -3.15448133e-01   2.38167981e-02  -2.00259280e-01\n",
        "   -1.81746418e-01   2.14631820e-01  -2.56656242e-01  -2.45826346e-02\n",
        "   -1.88196473e-01  -2.92374937e-01   4.37792436e-02  -8.01992384e-02\n",
        "    1.66489021e-01   1.83809217e-02]]\n"
       ]
      }
     ],
     "prompt_number": 13
    },
    {
     "cell_type": "code",
     "collapsed": false,
     "input": [
      "print R"
     ],
     "language": "python",
     "metadata": {},
     "outputs": [
      {
       "output_type": "stream",
       "stream": "stdout",
       "text": [
        "[[ 4.69900398  0.09177059 -0.70382191 ...,  0.98271428  1.23626084\n",
        "   0.97120563]\n",
        " [ 0.          4.88966381  1.34926436 ...,  0.59761226 -0.80297729\n",
        "   0.60438766]\n",
        " [ 0.          0.          4.6683836  ...,  2.11861626  1.82056255\n",
        "  -0.52217776]\n",
        " ..., \n",
        " [ 0.          0.          0.         ..., -0.90273564  1.14070638\n",
        "   0.33925771]\n",
        " [ 0.          0.          0.         ..., -1.24081363  0.69628699\n",
        "   0.35247823]\n",
        " [ 0.          0.          0.         ..., -0.73759912 -1.99265635\n",
        "  -0.78935731]]\n"
       ]
      }
     ],
     "prompt_number": 14
    },
    {
     "cell_type": "code",
     "collapsed": false,
     "input": [
      "print Q*R"
     ],
     "language": "python",
     "metadata": {},
     "outputs": [
      {
       "output_type": "stream",
       "stream": "stdout",
       "text": [
        "[[ 0.47658008  0.32485637 -0.86886329 ..., -0.23554767  0.91208651\n",
        "  -0.94780688]\n",
        " [-1.07553254 -1.02500599 -0.06101008 ..., -0.47734886  0.97414831\n",
        "  -0.90561263]\n",
        " [ 0.62935355 -1.10773712  0.58609976 ...,  0.84081222  0.68916881\n",
        "   0.4622464 ]\n",
        " ..., \n",
        " [-0.92153406  0.4235075  -0.10738723 ...,  1.6865429   0.55260653\n",
        "   0.200293  ]\n",
        " [-0.03470964  0.67350196  1.40538177 ...,  0.40262941  2.59748736\n",
        "  -1.56758876]\n",
        " [ 0.8232302  -0.51279266 -0.03455906 ...,  0.13224419 -1.43989608\n",
        "   0.40169028]]\n"
       ]
      }
     ],
     "prompt_number": 15
    },
    {
     "cell_type": "code",
     "collapsed": false,
     "input": [
      "print A"
     ],
     "language": "python",
     "metadata": {},
     "outputs": [
      {
       "output_type": "stream",
       "stream": "stdout",
       "text": [
        "[[ 0.47658008  0.32485637 -0.86886329 ..., -0.23554767  0.91208651\n",
        "  -0.94780688]\n",
        " [-1.07553254 -1.02500599 -0.06101008 ..., -0.47734886  0.97414831\n",
        "  -0.90561263]\n",
        " [ 0.62935355 -1.10773712  0.58609976 ...,  0.84081222  0.68916881\n",
        "   0.4622464 ]\n",
        " ..., \n",
        " [-0.92153406  0.4235075  -0.10738723 ...,  1.6865429   0.55260653\n",
        "   0.200293  ]\n",
        " [-0.03470964  0.67350196  1.40538177 ...,  0.40262941  2.59748736\n",
        "  -1.56758876]\n",
        " [ 0.8232302  -0.51279266 -0.03455906 ...,  0.13224419 -1.43989608\n",
        "   0.40169028]]\n"
       ]
      }
     ],
     "prompt_number": 16
    },
    {
     "cell_type": "code",
     "collapsed": false,
     "input": [
      "Q,R = QR(A)\n",
      "la.norm(Q*R-A)"
     ],
     "language": "python",
     "metadata": {},
     "outputs": [
      {
       "metadata": {},
       "output_type": "pyout",
       "prompt_number": 17,
       "text": [
        "2.3542204110570552e-13"
       ]
      }
     ],
     "prompt_number": 17
    },
    {
     "cell_type": "code",
     "collapsed": false,
     "input": [
      "A = np.mat(rn.randn(3,10))\n",
      "Q,R = QR(A)"
     ],
     "language": "python",
     "metadata": {},
     "outputs": [],
     "prompt_number": 10
    },
    {
     "cell_type": "code",
     "collapsed": false,
     "input": [
      "Q"
     ],
     "language": "python",
     "metadata": {},
     "outputs": [
      {
       "metadata": {},
       "output_type": "pyout",
       "prompt_number": 11,
       "text": [
        "matrix([[ 0.7151436 ,  0.56761552,  0.4078998 ],\n",
        "        [ 0.40419643,  0.14027537, -0.9038518 ],\n",
        "        [-0.5702586 ,  0.81125547, -0.12911113]])"
       ]
      }
     ],
     "prompt_number": 11
    },
    {
     "cell_type": "code",
     "collapsed": false,
     "input": [
      "R"
     ],
     "language": "python",
     "metadata": {},
     "outputs": [
      {
       "metadata": {},
       "output_type": "pyout",
       "prompt_number": 12,
       "text": [
        "matrix([[ 2.57266892, -1.5339908 , -1.2096761 , -2.01336302, -0.12028946,\n",
        "          0.6086298 , -0.85532141, -0.31272508, -0.91600765,  1.44777313],\n",
        "        [ 0.        ,  0.8270464 ,  0.26899918, -0.32554367, -0.53283689,\n",
        "          1.88583787, -1.23152916, -1.45189781, -1.13582961,  0.6581411 ],\n",
        "        [ 0.        ,  0.        ,  0.18153005,  1.05937605,  1.27193295,\n",
        "          0.5758884 , -0.73511904,  1.00698002, -0.00872788,  0.4655747 ]])"
       ]
      }
     ],
     "prompt_number": 12
    },
    {
     "cell_type": "code",
     "collapsed": false,
     "input": [],
     "language": "python",
     "metadata": {},
     "outputs": []
    }
   ],
   "metadata": {}
  }
 ]
}